####################################################################
Generating Initial MPS Guess
	------------------------------------------------------------
	Resulting MPS:
		Site 0
			Occupation 0:
				[ -1.11e-15  -7.07e-01]
			Occupation 1:
				[  7.07e-01  -1.11e-15]
		Site 1
			Occupation 0:
				[ -9.66e-01   4.44e-16  -1.49e-01   5.77e-07]
				[ -4.54e-07  -1.90e-01  -8.81e-16  -9.25e-02]
			Occupation 1:
				[ -9.58e-16  -9.66e-01   2.81e-07   1.49e-01]
				[ -9.25e-02   4.54e-07   1.90e-01   7.83e-16]
		Site 2
			Occupation 0:
				[-0.71 -0.71]
				[ -2.15e-06  -0.00e+00]
				[ -1.86e-15   1.33e-06]
				[-0.44  0.9 ]
			Occupation 1:
				[  2.35e-15   2.73e-06]
				[-0.9  -0.44]
				[-0.71  0.71]
				[  2.15e-06  -3.77e-15]
		Site 3
			Occupation 0:
				[-0.]
				[ 1.]
			Occupation 1:
				[-1.]
				[ 0.]
	------------------------------------------------------------
	Resulting R:
		Site -1
			[0,:,:]
				[1]
		Site 0
			[0,:,:]
				[ 1.91 -0.08]
				[ 0.09  0.06]
				[ 0.09  0.17]
				[  5.40e-07   3.55e-02]
				[ 2.49 -0.36]
			[1,:,:]
				[-0.08  0.09]
				[ 0.17 -0.01]
				[ 0.06 -0.01]
				[  3.55e-02  -8.36e-08]
				[-0.36  0.03]
		Site 1
			[0,:,:]
				[  1.00e+00   3.23e-07   9.90e-07  -3.26e-01]
				[ -1.93e-06   9.45e-01   4.61e-12  -1.52e-06]
				[ -1.93e-06  -5.05e-21   3.63e-12   2.45e-06]
				[  1.00e+00   2.71e-06  -2.87e-06  -3.26e-01]
				[  1.93e-06  -1.55e-01   2.50e-01  -9.45e-01]
			[1,:,:]
				[  3.23e-07   1.00e+00   3.26e-01  -9.90e-07]
				[ -5.05e-21   1.93e-06   1.52e-06  -4.61e-12]
				[  9.45e-01   1.93e-06  -5.82e-07  -3.63e-12]
				[  2.71e-06  -1.00e+00  -3.26e-01   2.87e-06]
				[-0.15  0.62  0.95 -0.1 ]
			[2,:,:]
				[  9.90e-07   3.26e-01   1.00e+00  -3.23e-07]
				[  3.63e-12  -5.82e-07   9.40e-07  -9.00e-21]
				[  4.61e-12   1.52e-06   9.40e-07   9.45e-01]
				[ -2.87e-06  -3.26e-01  -1.00e+00   2.71e-06]
				[  2.50e-01   9.45e-01   6.37e-12   1.55e-01]
			[3,:,:]
				[ -3.26e-01  -9.90e-07  -3.23e-07   1.00e+00]
				[  2.45e-06  -3.63e-12   9.45e-01  -9.40e-07]
				[ -1.52e-06  -4.61e-12  -9.00e-21  -9.40e-07]
				[ -3.26e-01   2.87e-06   2.71e-06   1.00e+00]
				[-0.95 -0.1   0.15  0.62]
		Site 2
			[0,:,:]
				[ 1.  0.]
				[ 0.  0.]
				[ 0. -1.]
				[-1.  0.]
				[ 0.  0.]
			[1,:,:]
				[ 0.  1.]
				[-1.  0.]
				[ 0.  0.]
				[ 0.  1.]
				[ 0.  0.]
		Site 3
			[0,:,:]
				[1]
####################################################################
Beginning Sweep Set 0
	Right Sweep
		----------------------------------------------------
		Optimizing Site 0
			Initial Reshaped H for Optimization:
				[ 2.49 -0.32 -0.32  0.03]
				[ 0.05  0.08  0.03 -0.01]
				[ 0.05  0.03  0.08 -0.01]
				[ 2.49 -0.39 -0.39  0.03]
			Initial Matrix M:
				Occupation 0
					[ -1.11e-15  -7.07e-01]
				Occupation 1
					[  7.07e-01  -1.11e-15]
			Completed Matrix M:
				Occupation 0
					[ 0.5  0. ]
				Occupation 1
					[-0.2   0.84]
			Updated L:
				Site -1
					[0,:,:]
						[1]
				Site 0
					[0,:,:]
						[ 0.  0.]
						[-0.09  0.48]
						[-0.09 -0.02]
						[-0.93 -0.36]
						[  1.00e+00  -1.94e-16]
					[1,:,:]
						[ 0.  0.]
						[-0.02  0.09]
						[ 0.48  0.09]
						[-0.36  0.93]
						[ -1.94e-16   1.00e+00]
		----------------------------------------------------
		Optimizing Site 1
			Initial Reshaped H for Optimization:
				[ 0.07 -0.15  0.25 -0.97 -0.15 -1.32  0.31 -0.1   0.25  0.31 -1.93  0.15
 -0.97 -0.1   0.15  0.68]
				[ -9.03e-02  -2.92e-08  -8.94e-08   2.95e-02   4.73e-01  -9.03e-02
  -2.95e-02   8.94e-08  -8.94e-08  -2.95e-02  -9.03e-02   4.73e-01
   2.95e-02   8.94e-08   2.92e-08  -9.03e-02]
				[ -9.03e-02   4.73e-01  -8.94e-08   2.95e-02  -2.92e-08  -9.03e-02
  -2.95e-02   8.94e-08  -8.94e-08  -2.95e-02  -9.03e-02   2.92e-08
   2.95e-02   8.94e-08   4.73e-01  -9.03e-02]
				[-0.07 -0.15  0.25 -0.92 -0.15  2.55  1.58 -0.1   0.25  1.58  1.93  0.15
 -0.92 -0.1   0.15  0.55]
				[ -3.61e-01  -1.17e-07  -3.58e-07   1.18e-01  -1.17e-07  -3.61e-01
  -1.18e-01   3.58e-07  -3.58e-07  -1.18e-01  -3.61e-01   1.17e-07
   1.18e-01   3.58e-07   1.17e-07  -3.61e-01]
				[  4.83e-01   1.56e-07   4.78e-07  -1.58e-01   1.56e-07   4.83e-01
   1.58e-01  -4.78e-07   4.78e-07   1.58e-01   4.83e-01  -1.56e-07
  -1.58e-01  -4.78e-07  -1.56e-07   4.83e-01]
				[ -1.69e-02  -5.45e-09  -1.67e-08   5.51e-03  -5.45e-09  -1.69e-02
  -5.51e-03   1.67e-08  -1.67e-08  -5.51e-03  -1.69e-02   5.45e-09
   5.51e-03   1.67e-08   5.45e-09  -1.69e-02]
				[  3.61e-01   1.17e-07   3.58e-07  -1.18e-01   1.17e-07   3.61e-01
   1.18e-01  -3.58e-07   3.58e-07   1.18e-01   3.61e-01  -1.17e-07
  -1.18e-01  -3.58e-07  -1.17e-07   3.61e-01]
				[ -3.61e-01  -1.17e-07  -3.58e-07   1.18e-01  -1.17e-07  -3.61e-01
  -1.18e-01   3.58e-07  -3.58e-07  -1.18e-01  -3.61e-01   1.17e-07
   1.18e-01   3.58e-07   1.17e-07  -3.61e-01]
				[ -1.69e-02  -5.45e-09  -1.67e-08   5.51e-03  -5.45e-09  -1.69e-02
  -5.51e-03   1.67e-08  -1.67e-08  -5.51e-03  -1.69e-02   5.45e-09
   5.51e-03   1.67e-08   5.45e-09  -1.69e-02]
				[  4.83e-01   1.56e-07   4.78e-07  -1.58e-01   1.56e-07   4.83e-01
   1.58e-01  -4.78e-07   4.78e-07   1.58e-01   4.83e-01  -1.56e-07
  -1.58e-01  -4.78e-07  -1.56e-07   4.83e-01]
				[  3.61e-01   1.17e-07   3.58e-07  -1.18e-01   1.17e-07   3.61e-01
   1.18e-01  -3.58e-07   3.58e-07   1.18e-01   3.61e-01  -1.17e-07
  -1.18e-01  -3.58e-07  -1.17e-07   3.61e-01]
				[ 1.93 -0.15  0.25 -1.58 -0.15  0.55  0.92 -0.1   0.25  0.92 -0.07  0.15
 -1.58 -0.1   0.15  2.55]
				[  9.03e-02   2.92e-08   8.94e-08  -2.95e-02   4.73e-01   9.03e-02
   2.95e-02  -8.94e-08   8.94e-08   2.95e-02   9.03e-02   4.73e-01
  -2.95e-02  -8.94e-08  -2.92e-08   9.03e-02]
				[  9.03e-02   4.73e-01   8.94e-08  -2.95e-02   2.92e-08   9.03e-02
   2.95e-02  -8.94e-08   8.94e-08   2.95e-02   9.03e-02  -2.92e-08
  -2.95e-02  -8.94e-08   4.73e-01   9.03e-02]
				[-1.93 -0.15  0.25 -0.31 -0.15  0.68  0.97 -0.1   0.25  0.97  0.07  0.15
 -0.31 -0.1   0.15 -1.32]
			Initial Matrix M:
				Occupation 0
					[ 0.27 -0.16  0.04 -0.08]
					[-0.44 -0.03 -0.07 -0.01]
				Occupation 1
					[-0.08  0.27  0.16 -0.04]
					[-0.01 -0.44  0.03  0.07]
			Completed Matrix M:
				Occupation 0
					[ 0.34 -0.51 -0.2   0.05]
					[ 0.16  0.04  0.05 -0.  ]
				Occupation 1
					[-0.01  0.02  0.02  0.07]
					[-0.07 -0.06  0.34  0.66]
			Updated L:
				Site -1
					[0,:,:]
						[1]
				Site 0
					[0,:,:]
						[ 0.  0.]
						[-0.09  0.48]
						[-0.09 -0.02]
						[-0.93 -0.36]
						[  1.00e+00  -1.94e-16]
					[1,:,:]
						[ 0.  0.]
						[-0.02  0.09]
						[ 0.48  0.09]
						[-0.36  0.93]
						[ -1.94e-16   1.00e+00]
				Site 1
					[0,:,:]
						[-1.09  0.42 -0.33 -0.36]
						[ 0.05 -0.01 -0.   -0.48]
						[ 0.05  0.    0.11  0.  ]
						[-0.89 -0.41 -0.03 -0.18]
						[  1.00e+00   2.50e-16  -1.26e-16  -6.94e-17]
					[1,:,:]
						[ 0.42 -0.72 -0.09  0.39]
						[ 0.    0.03  0.   -0.11]
						[-0.01  0.03 -0.49  0.  ]
						[-0.41  0.9   0.12 -0.04]
						[  2.50e-16   1.00e+00   2.62e-16   2.50e-16]
					[2,:,:]
						[-0.33 -0.09  0.93 -0.03]
						[ 0.11 -0.49 -0.03  0.01]
						[-0.    0.   -0.03 -0.  ]
						[-0.03  0.12 -0.99  0.  ]
						[ -1.27e-16   2.63e-16   1.00e+00   6.16e-17]
					[3,:,:]
						[-0.36  0.39 -0.03  0.88]
						[ 0.    0.   -0.   -0.05]
						[-0.48 -0.11  0.01 -0.05]
						[-0.18 -0.04  0.    0.98]
						[ -6.94e-17   2.50e-16   6.14e-17   1.00e+00]
		----------------------------------------------------
		Optimizing Site 2
			Initial Reshaped H for Optimization:
				[-2.98  0.    0.   -0.98  0.05 -0.5   0.    0.05  0.05  0.   -0.5   0.05
  0.8   0.    0.   -1.2 ]
				[  1.15e-02   0.00e+00   0.00e+00   1.15e-02  -8.33e-03  -1.25e-16
   0.00e+00  -8.33e-03   3.71e-03   0.00e+00  -1.25e-16   3.71e-03
   8.36e-01   0.00e+00   0.00e+00   8.36e-01]
				[ -3.53e-01   0.00e+00   0.00e+00  -3.53e-01  -2.20e-03   6.29e-17
   0.00e+00  -2.20e-03   1.05e-01   0.00e+00   6.29e-17   1.05e-01
  -2.98e-01   0.00e+00   0.00e+00  -2.98e-01]
				[ -5.44e-01   0.00e+00   0.00e+00  -5.44e-01  -4.84e-01   3.47e-17
   0.00e+00  -4.84e-01   4.21e-03   0.00e+00   3.47e-17   4.21e-03
  -1.83e-01   0.00e+00   0.00e+00  -1.83e-01]
				[  1.15e-02   0.00e+00   0.00e+00   1.15e-02   3.71e-03  -1.25e-16
   0.00e+00   3.71e-03  -8.33e-03   0.00e+00  -1.25e-16  -8.33e-03
   8.36e-01   0.00e+00   0.00e+00   8.36e-01]
				[-0.82  0.    0.    1.18  0.03 -0.5   0.    0.03  0.03  0.   -0.5   0.03
 -0.62  0.    0.   -2.62]
				[  2.75e-02   0.00e+00   0.00e+00   2.75e-02   1.54e-03  -1.31e-16
   0.00e+00   1.54e-03  -4.87e-01   0.00e+00  -1.31e-16  -4.87e-01
  -2.17e-01   0.00e+00   0.00e+00  -2.17e-01]
				[  3.51e-01   0.00e+00   0.00e+00   3.51e-01  -1.07e-01  -1.25e-16
   0.00e+00  -1.07e-01   8.75e-04   0.00e+00  -1.25e-16   8.75e-04
   4.30e-01   0.00e+00   0.00e+00   4.30e-01]
				[ -3.53e-01   0.00e+00   0.00e+00  -3.53e-01   1.05e-01   6.33e-17
   0.00e+00   1.05e-01  -2.20e-03   0.00e+00   6.33e-17  -2.20e-03
  -2.98e-01   0.00e+00   0.00e+00  -2.98e-01]
				[  2.75e-02   0.00e+00   0.00e+00   2.75e-02  -4.87e-01  -1.31e-16
   0.00e+00  -4.87e-01   1.54e-03   0.00e+00  -1.31e-16   1.54e-03
  -2.17e-01   0.00e+00   0.00e+00  -2.17e-01]
				[-1.06  0.    0.    0.94 -0.03 -0.5   0.   -0.03 -0.03  0.   -0.5  -0.03
  2.93  0.    0.    0.93]
				[ -2.12e-02   0.00e+00   0.00e+00  -2.12e-02   1.19e-02  -3.08e-17
   0.00e+00   1.19e-02  -1.02e-04   0.00e+00  -3.08e-17  -1.02e-04
  -2.97e-02   0.00e+00   0.00e+00  -2.97e-02]
				[ -5.44e-01   0.00e+00   0.00e+00  -5.44e-01   4.21e-03   3.47e-17
   0.00e+00   4.21e-03  -4.84e-01   0.00e+00   3.47e-17  -4.84e-01
  -1.83e-01   0.00e+00   0.00e+00  -1.83e-01]
				[  3.51e-01   0.00e+00   0.00e+00   3.51e-01   8.75e-04  -1.25e-16
   0.00e+00   8.75e-04  -1.07e-01   0.00e+00  -1.25e-16  -1.07e-01
   4.30e-01   0.00e+00   0.00e+00   4.30e-01]
				[ -2.12e-02   0.00e+00   0.00e+00  -2.12e-02  -1.02e-04  -3.07e-17
   0.00e+00  -1.02e-04   1.19e-02   0.00e+00  -3.07e-17   1.19e-02
  -2.97e-02   0.00e+00   0.00e+00  -2.97e-02]
				[ 0.86  0.    0.    2.86 -0.05 -0.5   0.   -0.05 -0.05  0.   -0.5  -0.05
  0.89  0.    0.   -1.11]
			Initial Matrix M:
				Occupation 0
					[-0.18  0.67]
					[-0.31 -0.06]
					[ 0.1   0.11]
					[ 0.01 -0.01]
				Occupation 1
					[-0.31  0.24]
					[ 0.54  0.13]
					[ 0.11 -0.01]
					[-0.    0.02]
			Completed Matrix M:
				Occupation 0
					[ 0.43  0.76]
					[ 0.01 -0.2 ]
					[-0.06  0.08]
					[  4.45e-02  -1.19e-05]
				Occupation 1
					[  0.00e+00   2.60e-06]
					[ 0.    0.03]
					[-0.38 -0.14]
					[-0.15 -0.02]
			Updated L:
				Site -1
					[0,:,:]
						[1]
				Site 0
					[0,:,:]
						[ 0.  0.]
						[-0.09  0.48]
						[-0.09 -0.02]
						[-0.93 -0.36]
						[  1.00e+00  -1.94e-16]
					[1,:,:]
						[ 0.  0.]
						[-0.02  0.09]
						[ 0.48  0.09]
						[-0.36  0.93]
						[ -1.94e-16   1.00e+00]
				Site 1
					[0,:,:]
						[-1.09  0.42 -0.33 -0.36]
						[ 0.05 -0.01 -0.   -0.48]
						[ 0.05  0.    0.11  0.  ]
						[-0.89 -0.41 -0.03 -0.18]
						[  1.00e+00   2.50e-16  -1.26e-16  -6.94e-17]
					[1,:,:]
						[ 0.42 -0.72 -0.09  0.39]
						[ 0.    0.03  0.   -0.11]
						[-0.01  0.03 -0.49  0.  ]
						[-0.41  0.9   0.12 -0.04]
						[  2.50e-16   1.00e+00   2.62e-16   2.50e-16]
					[2,:,:]
						[-0.33 -0.09  0.93 -0.03]
						[ 0.11 -0.49 -0.03  0.01]
						[-0.    0.   -0.03 -0.  ]
						[-0.03  0.12 -0.99  0.  ]
						[ -1.27e-16   2.63e-16   1.00e+00   6.16e-17]
					[3,:,:]
						[-0.36  0.39 -0.03  0.88]
						[ 0.    0.   -0.   -0.05]
						[-0.48 -0.11  0.01 -0.05]
						[-0.18 -0.04  0.    0.98]
						[ -6.94e-17   2.50e-16   6.14e-17   1.00e+00]
				Site 2
					[0,:,:]
						[-1.02  1.42]
						[-0.06  0.06]
						[-0.06  0.24]
						[ 0.92  0.04]
						[  1.00e+00  -2.98e-16]
					[1,:,:]
						[ 1.42  0.75]
						[ 0.24  0.07]
						[ 0.06  0.07]
						[ 0.04  0.41]
						[ -3.05e-16   1.00e+00]
	Left Sweep
		----------------------------------------------------
		Optimizing Site 3
			Initial Reshaped H for Optimization:
				[-0.1  -0.06 -0.06 -1.94]
				[ 1.46  0.06  0.24  1.38]
				[ 1.46  0.24  0.06  1.38]
				[ 1.16  0.07  0.07  0.34]
			Initial Matrix M:
				Occupation 0
					[-0.78]
					[ 0.18]
				Occupation 1
					[ 0.54]
					[ 0.26]
			Completed Matrix M:
				Occupation 0
					[ 0.74]
					[ 0.]
				Occupation 1
					[-0.03]
					[-0.67]
			Updated R:
				Site -1
					[0,:,:]
						[1]
				Site 0
					[0,:,:]
						[ 1.91 -0.08]
						[ 0.09  0.06]
						[ 0.09  0.17]
						[  5.40e-07   3.55e-02]
						[ 2.49 -0.36]
					[1,:,:]
						[-0.08  0.09]
						[ 0.17 -0.01]
						[ 0.06 -0.01]
						[  3.55e-02  -8.36e-08]
						[-0.36  0.03]
				Site 1
					[0,:,:]
						[  1.00e+00   3.23e-07   9.90e-07  -3.26e-01]
						[ -1.93e-06   9.45e-01   4.61e-12  -1.52e-06]
						[ -1.93e-06  -5.05e-21   3.63e-12   2.45e-06]
						[  1.00e+00   2.71e-06  -2.87e-06  -3.26e-01]
						[  1.93e-06  -1.55e-01   2.50e-01  -9.45e-01]
					[1,:,:]
						[  3.23e-07   1.00e+00   3.26e-01  -9.90e-07]
						[ -5.05e-21   1.93e-06   1.52e-06  -4.61e-12]
						[  9.45e-01   1.93e-06  -5.82e-07  -3.63e-12]
						[  2.71e-06  -1.00e+00  -3.26e-01   2.87e-06]
						[-0.15  0.62  0.95 -0.1 ]
					[2,:,:]
						[  9.90e-07   3.26e-01   1.00e+00  -3.23e-07]
						[  3.63e-12  -5.82e-07   9.40e-07  -9.00e-21]
						[  4.61e-12   1.52e-06   9.40e-07   9.45e-01]
						[ -2.87e-06  -3.26e-01  -1.00e+00   2.71e-06]
						[  2.50e-01   9.45e-01   6.37e-12   1.55e-01]
					[3,:,:]
						[ -3.26e-01  -9.90e-07  -3.23e-07   1.00e+00]
						[  2.45e-06  -3.63e-12   9.45e-01  -9.40e-07]
						[ -1.52e-06  -4.61e-12  -9.00e-21  -9.40e-07]
						[ -3.26e-01   2.87e-06   2.71e-06   1.00e+00]
						[-0.95 -0.1   0.15  0.62]
				Site 2
					[0,:,:]
						[ 1.  0.]
						[ 0.  0.]
						[ 0. -1.]
						[-1.  0.]
						[ 0.  0.]
					[1,:,:]
						[ 0.  1.]
						[-1.  0.]
						[ 0.  0.]
						[ 0.  1.]
						[ 0.  0.]
				Site 3
					[0,:,:]
						[ 1.  0.]
						[ 0.18  0.97]
						[ 0.18 -0.03]
						[ 0.93 -0.36]
						[ 0.  0.]
					[1,:,:]
						[ 0.  1.]
						[-0.03 -0.18]
						[ 0.97 -0.18]
						[-0.36 -0.93]
						[ 0.  0.]
		----------------------------------------------------
		Optimizing Site 2
			Initial Reshaped H for Optimization:
				[-2.98  0.    0.   -0.98  0.05 -0.5   0.    0.05  0.05  0.   -0.5   0.05
  0.8   0.    0.   -1.2 ]
				[  1.15e-02   0.00e+00   0.00e+00   1.15e-02  -8.33e-03  -1.25e-16
   0.00e+00  -8.33e-03   3.71e-03   0.00e+00  -1.25e-16   3.71e-03
   8.36e-01   0.00e+00   0.00e+00   8.36e-01]
				[ -3.53e-01   0.00e+00   0.00e+00  -3.53e-01  -2.20e-03   6.29e-17
   0.00e+00  -2.20e-03   1.05e-01   0.00e+00   6.29e-17   1.05e-01
  -2.98e-01   0.00e+00   0.00e+00  -2.98e-01]
				[ -5.44e-01   0.00e+00   0.00e+00  -5.44e-01  -4.84e-01   3.47e-17
   0.00e+00  -4.84e-01   4.21e-03   0.00e+00   3.47e-17   4.21e-03
  -1.83e-01   0.00e+00   0.00e+00  -1.83e-01]
				[  1.15e-02   0.00e+00   0.00e+00   1.15e-02   3.71e-03  -1.25e-16
   0.00e+00   3.71e-03  -8.33e-03   0.00e+00  -1.25e-16  -8.33e-03
   8.36e-01   0.00e+00   0.00e+00   8.36e-01]
				[-0.82  0.    0.    1.18  0.03 -0.5   0.    0.03  0.03  0.   -0.5   0.03
 -0.62  0.    0.   -2.62]
				[  2.75e-02   0.00e+00   0.00e+00   2.75e-02   1.54e-03  -1.31e-16
   0.00e+00   1.54e-03  -4.87e-01   0.00e+00  -1.31e-16  -4.87e-01
  -2.17e-01   0.00e+00   0.00e+00  -2.17e-01]
				[  3.51e-01   0.00e+00   0.00e+00   3.51e-01  -1.07e-01  -1.25e-16
   0.00e+00  -1.07e-01   8.75e-04   0.00e+00  -1.25e-16   8.75e-04
   4.30e-01   0.00e+00   0.00e+00   4.30e-01]
				[ -3.53e-01   0.00e+00   0.00e+00  -3.53e-01   1.05e-01   6.33e-17
   0.00e+00   1.05e-01  -2.20e-03   0.00e+00   6.33e-17  -2.20e-03
  -2.98e-01   0.00e+00   0.00e+00  -2.98e-01]
				[  2.75e-02   0.00e+00   0.00e+00   2.75e-02  -4.87e-01  -1.31e-16
   0.00e+00  -4.87e-01   1.54e-03   0.00e+00  -1.31e-16   1.54e-03
  -2.17e-01   0.00e+00   0.00e+00  -2.17e-01]
				[-1.06  0.    0.    0.94 -0.03 -0.5   0.   -0.03 -0.03  0.   -0.5  -0.03
  2.93  0.    0.    0.93]
				[ -2.12e-02   0.00e+00   0.00e+00  -2.12e-02   1.19e-02  -3.08e-17
   0.00e+00   1.19e-02  -1.02e-04   0.00e+00  -3.08e-17  -1.02e-04
  -2.97e-02   0.00e+00   0.00e+00  -2.97e-02]
				[ -5.44e-01   0.00e+00   0.00e+00  -5.44e-01   4.21e-03   3.47e-17
   0.00e+00   4.21e-03  -4.84e-01   0.00e+00   3.47e-17  -4.84e-01
  -1.83e-01   0.00e+00   0.00e+00  -1.83e-01]
				[  3.51e-01   0.00e+00   0.00e+00   3.51e-01   8.75e-04  -1.25e-16
   0.00e+00   8.75e-04  -1.07e-01   0.00e+00  -1.25e-16  -1.07e-01
   4.30e-01   0.00e+00   0.00e+00   4.30e-01]
				[ -2.12e-02   0.00e+00   0.00e+00  -2.12e-02  -1.02e-04  -3.07e-17
   0.00e+00  -1.02e-04   1.19e-02   0.00e+00  -3.07e-17   1.19e-02
  -2.97e-02   0.00e+00   0.00e+00  -2.97e-02]
				[ 0.86  0.    0.    2.86 -0.05 -0.5   0.   -0.05 -0.05  0.   -0.5  -0.05
  0.89  0.    0.   -1.11]
			Initial Matrix M:
				Occupation 0
					[ 0.71  0.04]
					[ 0.07  0.19]
					[  2.37e-06   2.79e-06]
					[-0.14  0.53]
				Occupation 1
					[-0.18 -0.22]
					[ 0.   -0.08]
					[ 0.03  0.03]
					[-0.02  0.26]
			Completed Matrix M:
				Occupation 0
					[ 0.43  0.76]
					[ 0.01 -0.2 ]
					[-0.06  0.08]
					[  4.45e-02  -1.19e-05]
				Occupation 1
					[  0.00e+00   2.60e-06]
					[ 0.    0.03]
					[-0.38 -0.14]
					[-0.15 -0.02]
			Updated R:
				Site -1
					[0,:,:]
						[1]
				Site 0
					[0,:,:]
						[ 1.91 -0.08]
						[ 0.09  0.06]
						[ 0.09  0.17]
						[  5.40e-07   3.55e-02]
						[ 2.49 -0.36]
					[1,:,:]
						[-0.08  0.09]
						[ 0.17 -0.01]
						[ 0.06 -0.01]
						[  3.55e-02  -8.36e-08]
						[-0.36  0.03]
				Site 1
					[0,:,:]
						[  1.00e+00   3.23e-07   9.90e-07  -3.26e-01]
						[ -1.93e-06   9.45e-01   4.61e-12  -1.52e-06]
						[ -1.93e-06  -5.05e-21   3.63e-12   2.45e-06]
						[  1.00e+00   2.71e-06  -2.87e-06  -3.26e-01]
						[  1.93e-06  -1.55e-01   2.50e-01  -9.45e-01]
					[1,:,:]
						[  3.23e-07   1.00e+00   3.26e-01  -9.90e-07]
						[ -5.05e-21   1.93e-06   1.52e-06  -4.61e-12]
						[  9.45e-01   1.93e-06  -5.82e-07  -3.63e-12]
						[  2.71e-06  -1.00e+00  -3.26e-01   2.87e-06]
						[-0.15  0.62  0.95 -0.1 ]
					[2,:,:]
						[  9.90e-07   3.26e-01   1.00e+00  -3.23e-07]
						[  3.63e-12  -5.82e-07   9.40e-07  -9.00e-21]
						[  4.61e-12   1.52e-06   9.40e-07   9.45e-01]
						[ -2.87e-06  -3.26e-01  -1.00e+00   2.71e-06]
						[  2.50e-01   9.45e-01   6.37e-12   1.55e-01]
					[3,:,:]
						[ -3.26e-01  -9.90e-07  -3.23e-07   1.00e+00]
						[  2.45e-06  -3.63e-12   9.45e-01  -9.40e-07]
						[ -1.52e-06  -4.61e-12  -9.00e-21  -9.40e-07]
						[ -3.26e-01   2.87e-06   2.71e-06   1.00e+00]
						[-0.95 -0.1   0.15  0.62]
				Site 2
					[0,:,:]
						[  1.00e+00  -1.39e-16  -1.39e-16   0.00e+00]
						[-0.11 -0.47  0.7  -0.49]
						[-0.11 -0.13 -0.08  0.04]
						[ 0.92 -0.05  0.01 -0.39]
						[ 0.4   0.71  0.45 -0.04]
					[1,:,:]
						[ -1.39e-16   1.00e+00  -1.94e-16  -5.55e-17]
						[-0.13  0.18 -0.43 -0.71]
						[-0.47  0.18  0.1   0.08]
						[-0.05  0.47  0.87 -0.15]
						[ 0.71 -0.38 -0.36 -0.87]
					[2,:,:]
						[ -1.39e-16  -1.94e-16   1.00e+00   5.55e-17]
						[-0.08  0.1  -0.24 -0.43]
						[ 0.7  -0.43 -0.24 -0.1 ]
						[ 0.01  0.87 -0.49 -0.09]
						[ 0.45 -0.36  0.6   0.34]
					[3,:,:]
						[  0.00e+00  -5.55e-17   5.55e-17   1.00e+00]
						[ 0.04  0.08 -0.1   0.17]
						[-0.49 -0.71 -0.43  0.17]
						[-0.39 -0.15 -0.09 -0.91]
						[-0.04 -0.87  0.34 -0.62]
				Site 3
					[0,:,:]
						[ 1.  0.]
						[ 0.18  0.97]
						[ 0.18 -0.03]
						[ 0.93 -0.36]
						[ 0.  0.]
					[1,:,:]
						[ 0.  1.]
						[-0.03 -0.18]
						[ 0.97 -0.18]
						[-0.36 -0.93]
						[ 0.  0.]
		----------------------------------------------------
		Optimizing Site 1
			Initial Reshaped H for Optimization:
				[ 0.07 -0.15  0.25 -0.97 -0.15 -1.32  0.31 -0.1   0.25  0.31 -1.93  0.15
 -0.97 -0.1   0.15  0.68]
				[ -9.03e-02  -2.92e-08  -8.94e-08   2.95e-02   4.73e-01  -9.03e-02
  -2.95e-02   8.94e-08  -8.94e-08  -2.95e-02  -9.03e-02   4.73e-01
   2.95e-02   8.94e-08   2.92e-08  -9.03e-02]
				[ -9.03e-02   4.73e-01  -8.94e-08   2.95e-02  -2.92e-08  -9.03e-02
  -2.95e-02   8.94e-08  -8.94e-08  -2.95e-02  -9.03e-02   2.92e-08
   2.95e-02   8.94e-08   4.73e-01  -9.03e-02]
				[-0.07 -0.15  0.25 -0.92 -0.15  2.55  1.58 -0.1   0.25  1.58  1.93  0.15
 -0.92 -0.1   0.15  0.55]
				[ -3.61e-01  -1.17e-07  -3.58e-07   1.18e-01  -1.17e-07  -3.61e-01
  -1.18e-01   3.58e-07  -3.58e-07  -1.18e-01  -3.61e-01   1.17e-07
   1.18e-01   3.58e-07   1.17e-07  -3.61e-01]
				[  4.83e-01   1.56e-07   4.78e-07  -1.58e-01   1.56e-07   4.83e-01
   1.58e-01  -4.78e-07   4.78e-07   1.58e-01   4.83e-01  -1.56e-07
  -1.58e-01  -4.78e-07  -1.56e-07   4.83e-01]
				[ -1.69e-02  -5.45e-09  -1.67e-08   5.51e-03  -5.45e-09  -1.69e-02
  -5.51e-03   1.67e-08  -1.67e-08  -5.51e-03  -1.69e-02   5.45e-09
   5.51e-03   1.67e-08   5.45e-09  -1.69e-02]
				[  3.61e-01   1.17e-07   3.58e-07  -1.18e-01   1.17e-07   3.61e-01
   1.18e-01  -3.58e-07   3.58e-07   1.18e-01   3.61e-01  -1.17e-07
  -1.18e-01  -3.58e-07  -1.17e-07   3.61e-01]
				[ -3.61e-01  -1.17e-07  -3.58e-07   1.18e-01  -1.17e-07  -3.61e-01
  -1.18e-01   3.58e-07  -3.58e-07  -1.18e-01  -3.61e-01   1.17e-07
   1.18e-01   3.58e-07   1.17e-07  -3.61e-01]
				[ -1.69e-02  -5.45e-09  -1.67e-08   5.51e-03  -5.45e-09  -1.69e-02
  -5.51e-03   1.67e-08  -1.67e-08  -5.51e-03  -1.69e-02   5.45e-09
   5.51e-03   1.67e-08   5.45e-09  -1.69e-02]
				[  4.83e-01   1.56e-07   4.78e-07  -1.58e-01   1.56e-07   4.83e-01
   1.58e-01  -4.78e-07   4.78e-07   1.58e-01   4.83e-01  -1.56e-07
  -1.58e-01  -4.78e-07  -1.56e-07   4.83e-01]
				[  3.61e-01   1.17e-07   3.58e-07  -1.18e-01   1.17e-07   3.61e-01
   1.18e-01  -3.58e-07   3.58e-07   1.18e-01   3.61e-01  -1.17e-07
  -1.18e-01  -3.58e-07  -1.17e-07   3.61e-01]
				[ 1.93 -0.15  0.25 -1.58 -0.15  0.55  0.92 -0.1   0.25  0.92 -0.07  0.15
 -1.58 -0.1   0.15  2.55]
				[  9.03e-02   2.92e-08   8.94e-08  -2.95e-02   4.73e-01   9.03e-02
   2.95e-02  -8.94e-08   8.94e-08   2.95e-02   9.03e-02   4.73e-01
  -2.95e-02  -8.94e-08  -2.92e-08   9.03e-02]
				[  9.03e-02   4.73e-01   8.94e-08  -2.95e-02   2.92e-08   9.03e-02
   2.95e-02  -8.94e-08   8.94e-08   2.95e-02   9.03e-02  -2.92e-08
  -2.95e-02  -8.94e-08   4.73e-01   9.03e-02]
				[-1.93 -0.15  0.25 -0.31 -0.15  0.68  0.97 -0.1   0.25  0.97  0.07  0.15
 -0.31 -0.1   0.15 -1.32]
			Initial Matrix M:
				Occupation 0
					[ 0.14 -0.03 -0.08 -0.  ]
					[-0.42  0.27 -0.01 -0.  ]
				Occupation 1
					[ 0.   -0.01  0.01 -0.03]
					[ -8.39e-01  -1.39e-01  -8.25e-03   2.73e-04]
			Completed Matrix M:
				Occupation 0
					[ 0.34 -0.51 -0.2   0.05]
					[ 0.16  0.04  0.05 -0.  ]
				Occupation 1
					[-0.01  0.02  0.02  0.07]
					[-0.07 -0.06  0.34  0.66]
			Updated R:
				Site -1
					[0,:,:]
						[1]
				Site 0
					[0,:,:]
						[ 1.91 -0.08]
						[ 0.09  0.06]
						[ 0.09  0.17]
						[  5.40e-07   3.55e-02]
						[ 2.49 -0.36]
					[1,:,:]
						[-0.08  0.09]
						[ 0.17 -0.01]
						[ 0.06 -0.01]
						[  3.55e-02  -8.36e-08]
						[-0.36  0.03]
				Site 1
					[0,:,:]
						[ 1.05 -0.09]
						[ 0.14  0.01]
						[ 0.14 -0.29]
						[-0.98 -0.23]
						[ 0.1  -0.15]
					[1,:,:]
						[-0.09  1.11]
						[-0.29 -0.02]
						[ 0.01 -0.02]
						[-0.23  0.96]
						[-0.15 -0.05]
				Site 2
					[0,:,:]
						[  1.00e+00  -1.39e-16  -1.39e-16   0.00e+00]
						[-0.11 -0.47  0.7  -0.49]
						[-0.11 -0.13 -0.08  0.04]
						[ 0.92 -0.05  0.01 -0.39]
						[ 0.4   0.71  0.45 -0.04]
					[1,:,:]
						[ -1.39e-16   1.00e+00  -1.94e-16  -5.55e-17]
						[-0.13  0.18 -0.43 -0.71]
						[-0.47  0.18  0.1   0.08]
						[-0.05  0.47  0.87 -0.15]
						[ 0.71 -0.38 -0.36 -0.87]
					[2,:,:]
						[ -1.39e-16  -1.94e-16   1.00e+00   5.55e-17]
						[-0.08  0.1  -0.24 -0.43]
						[ 0.7  -0.43 -0.24 -0.1 ]
						[ 0.01  0.87 -0.49 -0.09]
						[ 0.45 -0.36  0.6   0.34]
					[3,:,:]
						[  0.00e+00  -5.55e-17   5.55e-17   1.00e+00]
						[ 0.04  0.08 -0.1   0.17]
						[-0.49 -0.71 -0.43  0.17]
						[-0.39 -0.15 -0.09 -0.91]
						[-0.04 -0.87  0.34 -0.62]
				Site 3
					[0,:,:]
						[ 1.  0.]
						[ 0.18  0.97]
						[ 0.18 -0.03]
						[ 0.93 -0.36]
						[ 0.  0.]
					[1,:,:]
						[ 0.  1.]
						[-0.03 -0.18]
						[ 0.97 -0.18]
						[-0.36 -0.93]
						[ 0.  0.]
	Resulting Energy: -3.978866256685951
####################################################################
Beginning Sweep Set 1
	Right Sweep
		----------------------------------------------------
		Optimizing Site 0
			Initial Reshaped H for Optimization:
				[ 2.49 -0.32 -0.32  0.03]
				[ 0.05  0.08  0.03 -0.01]
				[ 0.05  0.03  0.08 -0.01]
				[ 2.49 -0.39 -0.39  0.03]
			Initial Matrix M:
				Occupation 0
					[ 0.75 -0.04]
				Occupation 1
					[ 0.05  0.66]
			Completed Matrix M:
				Occupation 0
					[ 0.5  0. ]
				Occupation 1
					[-0.2   0.84]
			Updated L:
				Site -1
					[0,:,:]
						[1]
				Site 0
					[0,:,:]
						[ 0.  0.]
						[-0.09  0.48]
						[-0.09 -0.02]
						[-0.93 -0.36]
						[  1.00e+00  -1.94e-16]
					[1,:,:]
						[ 0.  0.]
						[-0.02  0.09]
						[ 0.48  0.09]
						[-0.36  0.93]
						[ -1.94e-16   1.00e+00]
				Site 1
					[0,:,:]
						[-1.09  0.42 -0.33 -0.36]
						[ 0.05 -0.01 -0.   -0.48]
						[ 0.05  0.    0.11  0.  ]
						[-0.89 -0.41 -0.03 -0.18]
						[  1.00e+00   2.50e-16  -1.26e-16  -6.94e-17]
					[1,:,:]
						[ 0.42 -0.72 -0.09  0.39]
						[ 0.    0.03  0.   -0.11]
						[-0.01  0.03 -0.49  0.  ]
						[-0.41  0.9   0.12 -0.04]
						[  2.50e-16   1.00e+00   2.62e-16   2.50e-16]
					[2,:,:]
						[-0.33 -0.09  0.93 -0.03]
						[ 0.11 -0.49 -0.03  0.01]
						[-0.    0.   -0.03 -0.  ]
						[-0.03  0.12 -0.99  0.  ]
						[ -1.27e-16   2.63e-16   1.00e+00   6.16e-17]
					[3,:,:]
						[-0.36  0.39 -0.03  0.88]
						[ 0.    0.   -0.   -0.05]
						[-0.48 -0.11  0.01 -0.05]
						[-0.18 -0.04  0.    0.98]
						[ -6.94e-17   2.50e-16   6.14e-17   1.00e+00]
				Site 2
					[0,:,:]
						[-1.02  1.42]
						[-0.06  0.06]
						[-0.06  0.24]
						[ 0.92  0.04]
						[  1.00e+00  -2.98e-16]
					[1,:,:]
						[ 1.42  0.75]
						[ 0.24  0.07]
						[ 0.06  0.07]
						[ 0.04  0.41]
						[ -3.05e-16   1.00e+00]
		----------------------------------------------------
		Optimizing Site 1
			Initial Reshaped H for Optimization:
				[-1.86 -0.3  -0.3  -0.13 -0.03 -0.14  0.01 -0.11]
				[-0.03  0.01 -0.14 -0.11  2.06 -0.   -0.    0.02]
				[-0.38  0.03  0.03 -0.4   0.51 -0.05 -0.05  0.53]
				[-0.02  0.    0.   -0.02  0.38 -0.03 -0.03  0.4 ]
				[-0.38  0.03  0.03 -0.4  -0.02  0.    0.   -0.02]
				[ 0.51 -0.05 -0.05  0.53  0.38 -0.03 -0.03  0.4 ]
				[ 0.1  -0.47 -0.47  1.94  0.16 -0.16 -0.    0.09]
				[ 0.16 -0.   -0.16  0.09  0.1   0.17  0.17 -2.04]
			Initial Matrix M:
				Occupation 0
					[ 0.44 -0.66 -0.26  0.04]
					[ 0.05 -0.07 -0.02  0.05]
				Occupation 1
					[ 0.23  0.07 -0.01 -0.15]
					[-0.02 -0.03  0.22  0.41]
			Completed Matrix M:
				Occupation 0
					[ 0.56 -0.38]
					[ 0.65  0.22]
				Occupation 1
					[ 0.21 -0.16]
					[ 0.06  0.06]
